-1
-2
0
-1
3
-13
9
-3
7
-4
13
11
-9
-8
0
12
9
6
1
-1
-12
-9
-4
-17
3
0
10
-5
18
11
14
1
21
2
-3
7
12
10
7
6
-12
1
-1
-14
14
0
-13
5
2
19
-3
-11
-5
-27
-13
-10
2
3
-1
4
-12
-2
-7
-4
-7
22
-4
17
-11
-26
-26
-3
-11
-4
-15
-8
-10
15
-1
1
-1
-16
7
-20
21
3
-4
-1
-8
-22
8
1
-11
-4
-12
4
-2
2
12
-9
-9
-25
-10
-3
28
1
-16
-16
3
-3
11
4
16
-12
-6
-8
11
-2
0
-2
-11
-18
1
-9
0
-6
0
-10
-7
-8
11
-7
11
-13
-8
18
10
35
-3
7
14
9
24
1
-15
-17
-26
-16
-35
-39
-37
-30
9
-2
6
-8
0
18
2
2
8
-1
4
-9
-16
14
0
-28
-43
-43
-50
-40
-2
-4
8
-4
-2
5
-4
-3
-1
4
-1
22
-8
24
8
27
4
-22
-19
9
-20
27
4
-17
13
5
-11
2
3
-3
-22
-11
10
19
-3
21
38
-8
2
1
20
54
-8
14
1
0
13
5
-6
-8
-19
-5
16
31
-5
18
8
-9
3
2
15
22
36
36
-2
18
9
3
13
-9
-3
9
14
21
-23
-36
4
1
17
16
-6
-35
4
20
4
-10
6
-2
-5
3
-1
16
33
17
-10
-53
-14
-9
4
19
-17
-19
-1
27
-11
0
11
5
-6
-1
-22
3
25
0
-3
-37
-2
-18
-5
-24
-29
-18
8
10
-6
3
31
-2
9
22
-26
-21
26
22
4
-16
3
5
7
-8
-20
-17
28
4
21
-6
12
-1
4
-3
-9
-13
-6
22
10
-7
-10
-2
6
-12
-17
12
12
-3
-14
-4
6
-9
4
4
-17
1
-1
22
20
-12
-16
-19
-6
-24
2
3
27
3
-7
-8
1
-10
-3
-4
-17
-3
-8
29
24
38
-5
6
-11
-11
8
13
26
-3
-31
-15
-13
-19
9
27
4
5
10
9
4
-6
7
16
-5
33
9
-7
5
-26
-29
5
17
-6
-9
11
5
3
7
-7
21
-10
-22
-9
17
-9
-11
-4
10
1
-13
-13
16
-22
-4
9
3
2
13
2
17
-10
-17
-29
-40
-15
-1
-6
2
0
11
16
9
-15
-6
-21
-22
-16
8
-3
7
-4
-4
-14
-29
4
1
5
-4
-32
-26
-19
-13
-10
0
0
0
0
0
0
0
0
0
0
0
0
0
0
0
0
0
0
0
0
2
