-1
6
2
-7
-16
-10
11
-19
-14
1
16
12
-16
0
-20
2
25
-6
3
5
-19
-8
-16
-13
-11
-26
9
20
4
10
25
3
20
-9
6
-5
7
22
10
-1
-2
-7
5
-18
25
4
-9
10
17
38
-3
-13
19
-4
4
-13
17
15
-6
-29
-6
-7
-20
-23
-37
31
-15
38
21
-46
-33
-5
24
-17
15
-7
-2
18
-10
-5
-8
-30
2
-15
29
49
-27
-41
-15
-44
16
10
-25
-35
20
-4
16
2
4
-22
-14
-54
-43
12
43
-13
-28
-15
19
9
-6
-14
36
0
-18
23
17
-13
28
-16
-24
-29
-13
15
-8
6
-7
-15
-26
-16
3
-39
-11
-22
-29
-14
22
15
10
15
2
28
25
-12
-7
-1
-32
-27
-71
-68
-41
-44
-7
5
10
-23
-7
7
-3
13
-18
21
16
7
-5
47
-11
-34
-37
-60
-64
-11
15
2
-3
-30
2
37
-4
1
-30
-22
-24
14
2
55
17
37
20
-39
-5
13
6
24
43
-35
-3
22
3
0
-19
-33
-59
-16
-26
0
-21
26
27
-10
15
29
30
46
5
35
-5
11
10
-7
-15
8
-22
29
41
9
-26
39
-20
-26
1
-4
13
-6
32
24
-15
16
-2
-18
-5
-19
16
29
-8
20
-35
-49
-8
-35
44
14
-20
-65
19
32
5
14
0
3
8
-10
5
21
46
23
-38
-51
-29
-25
14
11
-22
-30
16
33
-18
33
20
-6
5
-18
-1
-9
62
34
-28
-50
4
-5
12
-17
-19
1
11
25
0
12
11
-21
7
-15
-41
-26
15
42
-12
-31
4
9
-11
20
-8
-29
38
-1
43
-11
14
1
15
-9
-25
-20
-39
47
-4
-17
-5
28
-4
-11
18
18
14
-7
-14
-17
-3
-14
16
-3
-10
-9
-41
45
9
-10
-42
-50
-19
12
17
33
31
-29
-5
-23
-6
-31
-18
-22
-8
-5
-8
31
27
38
-30
5
-22
10
40
15
46
-18
-29
-21
-13
-34
18
34
1
23
5
5
5
-6
-9
14
23
39
11
2
29
-36
-6
6
4
-7
34
7
4
3
-3
-20
15
-35
-38
-18
10
-12
-34
-13
14
-14
11
-26
39
-8
13
19
5
31
27
-18
22
-15
0
-17
-52
0
5
-24
25
-3
23
-11
27
-3
-3
-23
-26
-6
8
-6
39
-19
-27
-44
-29
-5
-21
-14
6
-39
-10
1
-11
8
0
0
0
0
0
0
0
0
0
0
0
0
0
0
0
0
0
0
0
0
3
