-6
4
-5
9
10
0
-3
-3
-9
-2
11
7
7
4
-3
4
3
-3
-3
0
-12
-11
2
5
4
-13
-13
11
-7
8
18
2
12
4
13
-1
1
4
11
-3
-13
-9
13
-6
3
-2
0
8
1
13
11
-7
9
-11
13
14
15
2
-11
-20
0
5
19
-20
11
9
19
19
-2
-24
-21
-8
-9
-4
21
8
21
12
10
-9
-10
-10
11
-14
15
8
1
-16
-2
5
3
-5
-17
-24
-14
-8
17
10
9
-6
-15
-22
-14
-7
17
-15
-11
-16
-7
4
4
-6
11
9
-6
-6
5
11
17
-1
-11
9
3
5
8
5
21
1
-13
-6
5
-21
-9
-2
3
-6
-2
13
21
9
-4
2
1
21
-11
12
-6
-18
-29
-21
-24
-37
-11
-20
9
-16
-4
16
31
17
-13
-19
-4
-5
-12
20
-8
-18
-11
-29
-25
-17
-1
-1
8
-12
-12
8
-1
5
-9
-8
-10
-5
1
16
12
4
4
-23
-18
9
-16
27
14
-7
-15
9
1
8
-14
-11
-25
-3
1
15
1
19
5
5
7
22
9
20
14
5
-19
-5
-12
-2
-14
-8
-7
3
7
33
-8
23
1
-12
5
23
1
23
8
27
-26
0
-10
-15
-10
-3
18
10
3
12
-17
-31
0
-14
8
29
-23
-22
9
21
-5
7
-14
-3
4
-13
-13
11
4
8
-12
-47
-25
-24
-6
-10
-13
-5
13
4
3
29
5
0
-10
-9
-13
-15
15
-2
-26
-44
-19
-13
-6
-9
-36
-30
22
10
-17
21
7
-12
-6
-10
-15
-6
13
37
13
-18
4
6
-2
-8
-16
-9
27
-5
-10
-27
3
-18
3
-15
-11
-7
-1
36
2
7
8
11
11
10
1
9
11
-7
-7
-12
6
-13
3
-8
-5
-15
-23
29
-5
7
-2
-17
4
-4
8
14
24
11
1
-2
16
-1
3
-11
-17
-16
-22
5
16
-6
-17
-8
-18
-2
12
0
14
-8
6
-23
-9
-8
11
3
-1
-4
9
16
1
-14
19
15
16
4
2
11
7
-16
-15
2
12
5
12
-2
1
16
-3
-3
-2
4
-16
18
13
3
-4
13
15
9
-3
-12
8
-3
23
9
-4
-2
6
2
2
-16
-9
-7
-30
-8
-15
-6
0
-4
18
3
16
-10
7
-3
-22
-7
5
0
42
-4
-25
-23
-25
-16
-17
29
-4
-20
-8
-18
-1
-6
0
0
0
0
0
0
0
0
0
0
0
0
0
0
0
0
0
0
0
0
3
