-1
22
7
-1
-13
-16
10
4
-13
-18
-11
-9
-6
17
2
2
6
1
6
5
-7
-15
-8
-9
-5
-14
2
11
-12
-7
14
-5
5
-3
26
-6
25
28
13
-10
-2
2
5
-24
7
-7
-12
12
-1
24
8
-26
18
-19
4
-1
15
0
-9
-14
-7
-2
-10
-14
-19
13
-9
14
-12
-42
-27
-8
-4
11
-4
0
7
2
2
1
-26
-10
9
23
8
7
-8
-36
-18
-5
5
1
-3
-16
-4
-13
1
8
6
-9
-15
-9
-27
11
26
-21
-17
-29
-3
0
-14
2
17
6
-5
-11
12
-8
9
-5
-19
5
4
-4
-3
-2
9
-9
-25
-2
-21
-16
-4
-25
-17
3
-2
10
9
15
-1
36
2
26
-9
-4
-15
-25
-37
-42
-28
-34
-23
-10
-5
-22
-12
19
9
8
-10
11
10
-4
-20
44
-11
-24
-25
-54
-42
-40
11
4
17
-25
-7
17
-2
3
-2
15
13
15
3
9
3
18
-18
-13
-1
6
4
29
24
-35
-14
24
15
6
-8
-3
-23
16
-12
10
3
19
0
-12
15
-3
29
23
16
10
6
-14
23
0
-10
0
-28
11
16
8
-7
38
-21
-21
33
1
2
12
26
29
-11
11
9
-3
-17
-9
10
13
7
17
-1
-24
-12
3
30
7
-15
-25
-1
23
0
11
9
-11
9
-5
-9
24
27
21
-18
-35
-8
-9
5
21
-29
-23
21
23
-4
17
16
-8
1
1
-13
1
35
16
-37
-39
-12
-8
4
3
-20
-26
7
-4
-25
19
13
-6
10
-8
-11
-7
25
46
-22
-34
1
13
7
5
-10
-14
29
-5
17
6
0
6
0
-14
-18
-1
-12
29
1
-25
-15
9
8
-6
3
9
35
-12
-5
20
-1
-9
-2
-11
-6
6
-5
28
8
-7
-30
-29
-9
-8
24
17
30
-1
-7
-8
12
-4
-9
-23
-33
4
7
20
42
14
-14
16
-4
15
9
17
20
-20
-36
-30
-6
-20
-17
17
-2
16
2
7
6
-18
14
22
-5
15
13
-16
3
-29
-27
0
-5
5
-3
-17
-15
3
-3
-3
-6
-25
-24
-5
15
-6
-34
4
2
-2
-7
-24
30
-3
16
25
1
19
15
-4
2
3
8
-17
-22
-18
-17
8
5
-15
-6
-5
3
-17
-3
-24
-28
7
11
5
23
-8
-8
-28
-28
-5
-14
4
-3
-23
-16
-11
-15
-14
0
0
0
0
0
0
0
0
0
0
0
0
0
0
0
0
0
0
0
0
0
