0
0
-2
-4
1
-1
3
-5
3
8
2
5
5
11
12
9
0
2
1
1
3
-4
-3
-5
6
5
6
1
0
3
14
10
17
5
15
15
2
13
3
4
3
-2
-7
-4
1
3
1
4
5
-3
5
7
0
0
8
4
-4
4
0
3
11
1
-6
5
6
8
11
2
-7
-12
-14
-11
-2
3
1
8
-2
12
0
3
2
-10
-1
-1
7
8
-10
-2
-3
-8
5
4
2
-7
-2
1
-2
8
1
-2
4
2
0
6
1
8
-2
-3
3
-2
2
5
1
5
-7
-6
-6
10
14
-3
-2
-3
-6
5
-9
3
-5
-5
-12
-6
-14
-5
-9
-1
-4
-9
-10
4
9
2
-2
9
-3
5
5
-1
0
-5
-15
-9
-10
0
0
1
-4
-4
-13
-3
1
3
2
6
-5
6
-5
9
-6
-15
-14
-16
-15
-10
-11
-9
3
-21
-8
4
-3
4
-2
-1
-6
11
9
8
-6
5
-7
-7
-2
-2
6
-3
8
3
-7
6
-7
6
-3
-2
-8
-4
3
14
-4
13
1
1
16
5
12
-8
-3
-2
-3
1
-2
5
1
2
-7
2
2
4
3
5
-17
8
10
2
13
-8
5
7
5
5
0
7
2
-1
-8
-1
6
5
-8
-14
-16
-1
9
1
-4
-1
4
2
9
1
0
2
2
8
-8
-10
12
6
3
-1
-17
4
15
2
-8
-6
9
5
0
6
1
-1
-5
1
-5
-2
10
12
-6
-8
-11
-5
10
3
-1
-3
13
2
5
9
0
1
-3
0
-3
-3
7
13
-5
-6
-9
-2
1
0
5
-5
5
-1
6
3
2
-5
-7
-2
-4
-5
4
7
6
-9
2
5
-4
-4
-12
7
0
-5
3
-7
7
-8
-3
-7
1
7
6
6
6
0
-3
-4
-2
1
-1
-2
-4
-6
2
-4
4
-13
-8
-7
-12
-9
-8
7
8
2
11
4
11
11
6
15
0
-4
1
3
-7
-4
-3
-3
-8
-11
4
-2
6
-14
-4
4
-4
-1
0
2
-5
8
-2
-7
-7
-1
-4
-5
-8
-7
13
0
-5
-10
-15
-9
-2
3
-10
-7
5
0
-14
-6
3
4
1
-9
-12
5
3
-5
-3
-6
-15
-12
-13
-6
-2
-6
1
-11
-5
-19
-5
2
1
-8
-8
1
5
-6
-4
-3
-6
-9
-5
1
-9
-1
7
6
0
1
-4
2
0
0
0
0
0
0
0
0
0
0
0
0
0
0
0
0
0
0
0
0
1
