-7
10
6
2
1
-4
-4
-26
-15
-10
-4
8
-18
-2
-1
3
6
-3
-3
15
-13
2
-27
-18
-7
3
7
12
18
16
31
13
3
-4
13
5
20
9
1
7
-1
4
3
-3
-4
18
-20
12
-4
25
17
-6
5
6
-14
10
23
12
5
-7
2
4
-34
-21
-14
11
-16
10
-14
-8
-30
-12
-8
-24
-6
4
21
12
26
2
-12
15
16
-8
22
17
-16
-3
-3
-17
30
25
-13
-30
-5
-1
1
-4
6
3
-21
-3
-19
-10
31
1
-17
-13
13
5
-8
10
9
-1
-4
7
24
-9
17
2
-26
8
-15
-1
7
7
7
-11
-39
-5
3
-27
1
-20
-6
9
23
23
0
14
-2
8
-15
-12
-25
7
-23
-30
-47
-42
-32
-27
-15
-10
-7
-8
-4
-8
-7
-2
-8
-8
-9
-1
17
19
-3
-42
-51
-39
-53
-39
12
4
-6
-15
17
14
18
10
-7
-3
-7
5
-5
28
2
22
12
-28
-13
2
-9
9
40
-35
1
23
2
11
-16
-4
-31
-4
-5
-1
4
22
15
-4
0
29
23
34
-11
41
11
10
3
5
-24
0
5
-3
29
16
-8
33
-16
-28
29
-6
22
-6
19
29
-7
21
-7
-7
-7
-8
5
0
3
9
-27
-34
-19
-9
30
3
-26
-45
5
29
-2
31
7
-9
3
-1
-9
38
46
28
-13
-48
-21
-8
23
8
-35
-40
-3
28
-5
27
6
-8
-6
-11
-1
-3
36
18
-28
-45
-2
-10
2
-23
-20
-24
3
11
3
-9
-3
-9
2
-3
-24
-13
18
26
6
-22
-19
20
7
3
-26
-45
18
-25
24
-22
-6
12
-5
-9
-13
-8
-10
42
27
-27
-25
18
-2
4
4
7
-2
3
-15
-20
-12
-3
-7
-14
-6
-14
-29
39
32
-18
-37
-39
-16
-3
-4
28
16
13
0
-25
-2
-15
-18
-36
-17
8
-18
15
16
19
-12
10
-13
-20
20
6
38
-8
-14
0
-15
-19
17
10
0
10
7
-4
1
-7
0
15
28
30
3
-4
4
-24
-17
11
8
0
7
-20
11
14
-7
-9
6
5
-25
-18
-6
-33
-27
-7
26
-16
-7
6
35
20
16
10
20
25
11
-2
19
0
0
-23
-44
-13
5
-15
15
6
15
16
-5
-10
-15
-27
-12
-6
18
6
42
-21
-15
-46
-31
-1
-5
1
-5
-23
-6
-11
-11
-3
0
0
0
0
0
0
0
0
0
0
0
0
0
0
0
0
0
0
0
0
-1
