4
4
3
0
-13
-10
-5
1
-8
-5
7
2
-7
-3
-5
-8
-9
-6
-2
7
-6
3
-6
-1
-6
-4
0
2
6
6
6
4
8
6
-6
-5
-2
3
1
7
1
5
-5
-7
-3
1
-1
8
-3
10
10
0
6
2
9
6
-9
-2
1
-2
5
8
-5
-2
-14
11
-4
-12
-7
-14
-15
-19
4
-11
10
9
6
15
13
8
5
0
-3
-8
11
12
-12
-20
-11
0
-1
11
-15
-17
-4
-5
23
-1
18
2
8
8
-6
0
15
-11
-4
1
7
5
-3
1
9
-2
-9
6
22
12
13
6
3
-4
-3
4
12
-13
14
4
-21
-8
-5
-3
-12
-8
5
10
18
15
0
-5
14
3
-4
16
-4
3
-5
-39
-31
-15
-14
-20
-15
-22
2
-14
8
0
8
-9
9
0
-9
9
1
20
-3
7
-23
-23
-20
-38
1
9
12
-13
0
1
8
10
7
-3
-2
0
-1
23
-11
-4
2
-13
-15
13
-1
4
28
-16
3
1
-5
9
-12
-3
-5
9
15
-1
9
14
10
-1
13
8
8
2
11
-5
12
12
-3
4
-5
1
-18
13
16
4
0
6
4
-20
11
11
11
-8
24
28
2
13
-14
11
-2
0
-4
3
15
-2
-15
-15
-15
-13
10
-2
-8
-6
14
21
2
12
-14
9
-13
6
-2
-1
24
-11
-33
-35
-16
-1
6
2
-22
-9
18
20
1
15
-2
-4
-13
-3
-2
4
15
21
-24
-13
-3
-1
16
1
-27
4
27
10
4
0
-5
-3
0
-13
-14
-5
-1
5
-18
-13
-16
-1
-2
5
-13
-23
25
6
7
-27
-12
-6
-1
-7
-19
-19
-5
12
11
-13
7
4
12
-5
-15
-12
24
-5
-4
-14
-11
-13
-8
-7
1
-16
-8
-2
8
-27
-7
-7
-10
-21
-12
23
3
8
-10
-14
-8
-2
-17
9
-2
-3
0
-2
28
3
-5
-2
-7
-1
16
11
-8
-4
-10
0
1
1
-9
4
-3
-5
8
0
14
10
22
23
1
15
-4
1
4
-11
-10
8
0
-4
-10
8
4
-3
13
-1
19
-6
-6
4
-4
-8
-17
11
-2
-12
-15
2
12
4
-5
7
-10
8
9
9
0
-6
-3
-7
-7
-11
-9
7
-13
14
4
4
-9
-12
-12
-12
-8
9
-5
-5
0
-11
-7
-23
-14
-9
-14
-6
-9
-30
-14
-3
-12
-6
0
0
0
0
0
0
0
0
0
0
0
0
0
0
0
0
0
0
0
0
2
