13
9
3
-5
-17
-9
0
-14
-23
-9
4
14
-8
9
1
-12
1
-8
-2
15
-14
-20
-41
-28
5
-22
-8
15
11
13
26
6
15
8
-7
-8
3
1
5
-1
-4
2
13
-25
17
7
-34
-7
11
30
10
11
7
8
-15
-10
10
5
-11
-1
2
-10
-34
-43
-8
-1
2
12
-17
-21
-18
8
11
-19
24
-15
17
15
-8
-1
1
-12
27
-5
14
17
-23
-19
-6
-26
7
-1
-16
-14
-19
-6
24
3
13
7
-6
-36
-9
19
28
-22
-14
-15
11
-12
-11
-11
28
-2
-10
28
20
-2
17
-4
-7
-33
-9
3
14
-13
-14
-15
-36
-13
-2
-31
5
-32
2
-17
34
29
12
18
-3
8
7
5
-2
-6
1
-41
-51
-57
-38
-32
-34
-8
0
-35
-33
-10
6
8
-22
-9
24
15
-15
42
20
-18
-38
-48
-74
-26
-7
8
-3
-29
-1
23
7
-9
-17
-9
5
17
3
32
-15
46
6
-27
-29
-5
-5
24
18
-13
-5
6
6
6
-16
-25
-16
-3
-16
-4
2
44
9
6
-11
34
21
25
9
34
23
10
2
-9
-11
-14
-5
35
14
6
10
38
-34
-27
35
16
26
-10
22
18
5
31
16
-5
-10
-14
10
16
-5
27
-21
-30
-37
-32
42
-4
-24
-52
10
41
4
21
26
-13
-5
-3
-13
23
30
31
-46
-50
-35
0
10
-5
-58
-24
13
21
-2
30
24
-7
0
-11
-22
8
25
29
-32
-49
3
-11
17
-14
-29
1
1
4
-28
-2
24
-16
13
-9
-11
-24
-6
36
4
-13
6
4
9
9
-32
-41
32
0
3
-16
18
-7
-3
10
-19
-19
-21
39
-5
-43
-3
15
-3
-2
-22
17
23
-9
3
-21
0
-15
8
-13
-12
-3
-22
22
0
-18
-32
-45
-21
-5
-15
27
27
-1
-2
-33
-3
-15
-3
-9
-15
1
-2
22
16
32
-28
6
7
0
16
16
31
6
-14
6
0
-13
16
25
-40
10
1
4
4
11
-6
48
21
34
1
-2
17
-21
-16
8
11
1
22
4
0
-18
-23
-8
6
-16
-6
-15
8
8
-45
-16
11
-24
-25
-4
25
3
10
30
-4
2
1
-21
11
-9
-13
-20
-30
-11
4
0
9
-9
16
-7
16
8
3
-10
-24
-13
12
10
25
-10
2
-42
-35
-10
-23
-3
-11
-41
-12
-3
-13
-1
0
0
0
0
0
0
0
0
0
0
0
0
0
0
0
0
0
0
0
0
5
