-5
21
-3
-9
-15
-23
-6
-9
-20
-11
16
1
-23
-10
-3
10
21
1
11
1
-22
17
-25
-12
6
-11
5
18
17
4
21
7
6
-16
4
-3
4
8
16
1
-12
13
-7
-22
14
0
-13
8
17
35
15
-19
3
-22
4
7
22
1
2
-9
-20
23
-28
-7
-25
33
-2
39
8
-47
-42
-17
13
-3
19
5
-1
11
-7
3
-6
-3
6
-1
21
22
2
-39
-10
-30
5
1
-29
-20
13
-17
17
-2
5
-14
4
-24
-20
14
49
-3
-29
-1
17
2
-3
5
35
9
-10
4
8
6
31
-14
-10
-13
1
15
5
7
-7
-12
-25
7
11
-12
18
-18
-22
4
15
2
15
2
-7
30
8
1
-15
-14
-1
-26
-58
-51
-26
-32
7
-9
3
-31
-15
14
10
11
-13
23
21
-12
-16
38
1
-8
-58
-63
-62
-21
-5
-5
-10
-16
5
25
7
-7
-22
-6
-4
22
-13
49
7
23
8
-37
4
1
-22
58
17
-31
10
27
-18
14
-23
-15
-40
0
-31
17
-9
21
22
14
2
17
20
42
15
36
15
20
8
-5
1
5
-5
36
41
25
-9
54
-11
-18
19
4
2
0
18
39
-14
30
9
-3
-5
-14
16
20
1
11
-23
-44
-9
-34
30
16
-27
-44
35
29
-2
-2
6
5
0
-23
-13
12
52
14
-58
-52
-18
-15
1
9
-60
-22
0
30
-21
10
4
-3
2
-9
-16
-18
43
37
-31
-57
3
-12
-18
-23
-29
-22
-7
-1
-21
0
19
-30
7
1
-41
-23
30
34
12
-28
-7
-1
-21
-11
-31
-46
33
-9
35
-26
0
-16
8
7
-17
-28
-21
60
6
-4
-6
10
-1
-10
6
15
19
1
11
-26
-2
-23
-1
-9
-21
-15
-26
58
8
-24
-31
-45
-37
-6
25
20
34
-6
3
-27
-3
-21
-5
-3
4
3
-11
46
18
34
-17
-4
-16
1
37
26
32
-4
-15
-41
-17
-24
15
28
-8
16
15
24
3
4
16
37
3
22
32
-14
20
-19
-24
-3
10
-13
25
-8
-12
-17
2
-38
-8
-30
-8
2
6
-18
-20
-8
18
-13
-13
-28
29
5
13
12
-6
-5
13
1
8
-14
-17
-31
-42
-13
3
3
9
13
20
-15
-6
-15
-15
-43
-32
-6
13
13
29
-21
-19
-31
-22
1
-24
-11
-4
-44
-8
-12
-5
-8
0
0
0
0
0
0
0
0
0
0
0
0
0
0
0
0
0
0
0
0
4
