-4
-11
-13
-1
-3
-8
7
6
-5
-8
-7
1
6
13
12
-1
3
8
3
5
-3
-14
-11
5
-6
-2
14
4
13
6
18
18
18
-3
5
10
9
11
7
3
-5
-8
5
-17
-3
2
-6
26
-3
6
3
-9
7
-1
-2
3
2
-5
-7
-3
9
-14
-6
-12
-9
13
3
3
-9
-5
-25
-15
-11
-12
6
7
0
-8
-8
-6
7
-19
9
2
21
5
-21
-9
3
-13
8
18
-6
-18
-1
-6
10
-6
10
-6
6
-13
-1
7
8
-4
6
-3
-6
-2
-4
-9
11
-10
-21
4
5
3
7
-2
3
-27
-11
2
-8
12
4
-18
-17
-13
-7
-16
-5
-20
-3
10
3
1
0
5
31
9
11
14
-12
8
-4
-14
-10
-24
-25
-8
-26
-16
10
-6
4
11
3
5
10
-13
12
-2
-3
14
-2
7
-16
-23
-26
-19
-11
-10
-3
-11
9
-4
8
4
13
-2
8
2
-18
3
6
30
2
-3
-15
8
2
4
9
0
17
-11
6
5
6
2
1
-9
5
2
-2
32
4
-6
6
2
-3
7
18
-8
-1
-4
16
-4
0
0
-8
4
19
10
-10
16
-12
-27
12
0
12
-12
14
15
-17
8
0
-11
-10
-2
14
-5
22
9
-18
-8
-6
-16
-6
-3
-5
-4
10
22
-15
-1
-7
-8
-9
2
0
-1
24
25
-11
-6
1
-7
6
1
-31
-16
16
15
2
18
-2
-12
-7
2
6
11
12
29
-4
-14
5
-11
0
-9
-33
-13
8
6
-25
8
8
9
2
-11
-3
-6
-5
20
2
-6
-10
-7
-10
-7
-18
-8
11
-6
17
-9
2
-8
9
5
-9
-5
3
27
-4
-21
-10
-7
-5
8
0
6
13
-2
5
-6
-6
-3
-1
-2
-13
12
1
21
6
-21
-20
-16
-1
-3
10
5
12
3
10
-12
-3
4
2
-5
-16
9
-2
3
14
18
-19
4
-7
6
12
9
28
-11
-25
-12
20
3
6
23
-9
-5
-6
9
9
10
16
9
17
14
1
0
10
-9
-18
4
17
-6
0
-4
1
5
6
7
7
12
-6
-10
1
-16
-21
13
0
-11
-15
-5
3
-6
1
2
5
3
-5
-11
0
-11
15
-7
-8
-14
-7
2
1
-3
14
3
6
-8
-14
-20
-8
-11
1
-7
6
-13
10
-4
-3
-4
-1
3
-1
-10
-2
-7
-4
-10
0
0
0
0
0
0
0
0
0
0
0
0
0
0
0
0
0
0
0
0
3
